
Cluster 0
--------------
32054
82238
96099
98797

Cluster 1
--------------
28672
39299
91796

Cluster 2
--------------
10814
37224

Cluster 3
--------------
17622
19267
22711
27031
27312
38846
42202
46975
56394
70919
81563
83227
88042
93192
94719

Cluster 4
--------------
10701

Cluster 5
--------------
68578

Cluster 6
--------------
13052
14181
15813
17526
1806
18773
20326
20856
23319
23760
23812
24307
24634
25196
25551
25878
26095
26246
276
28919
29047
29209
29773
32088
33838
34047
34088
34563
3458
34958
35014
36257
37237
3733
37438
38031
38181
38472
39117
39939
40084
41719
41729
42074
42269
42296
42633
43878
45127
46042
4629
46495
47023
49624
50018
50362
52235
52954
53272
54203
55996
56029
57370
57481
57602
57644
58445
6040
61242
62186
63064
63634
63703
64258
64392
65815
69893
70005
71389
72058
73183
73462
73624
7674
7780
78796
81697
81816
81859
8208
82212
82886
82993
8304
83394
83741
84035
85232
85492
91194
91426
91911
93168
93456
94372
94652
97218
97612
9776
98170
