
Cluster 0
--------------
29209
34563
58445
63703
64258
8208
84035
94372

Cluster 1
--------------
10701
20856
27312
28672
34958
35014
38031
39117
39299
42296
69893
70919
71389
81563
82886
83741
85492
91796
93192
93456
98170

Cluster 2
--------------
13052
17526
1806
18773
20326
24307
24634
26095
276
29773
34047
34088
42633
45127
50362
52235
52954
56029
57602
6040
63064
64392
65815
73462
7674
81816
82993
97612

Cluster 3
--------------
14181
17622
19267
26246
28919
32088
37237
37438
42074
42202
42269
4629
46975
55996
56394
7780
78796
83227
83394
88042
91911
94719
97218
9776

Cluster 4
--------------
15813
23760
25196
25878
29047
3458
3733
40084
41729
46042
54203
57481
61242
63634
73624
8304
91194
91426
93168

Cluster 5
--------------
10814
22711
27031
32054
37224
38846
82238
96099
98797

Cluster 6
--------------
23319
23812
25551
33838
36257
38181
38472
39939
41719
43878
46495
47023
49624
50018
53272
57370
57644
62186
68578
70005
72058
73183
81697
81859
82212
85232
94652
